0		8.65825e-17
1		-0.0310855
2		-0.0621108
3		-0.093016
4		-0.123741
5		-0.154227
6		-0.184415
7		-0.214246
8		-0.243663
9		-0.272608
10		-0.301026
11		-0.328862
12		-0.356062
13		-0.382573
14		-0.408344
15		-0.433325
16		-0.457469
17		-0.480727
18		-0.503056
19		-0.524411
20		-0.544753
21		-0.564041
22		-0.582238
23		-0.599308
24		-0.61522
25		-0.629942
26		-0.643445
27		-0.655704
28		-0.666694
29		-0.676395
30		-0.684788
31		-0.691857
32		-0.697587
33		-0.701968
34		-0.704991
35		-0.706651
36		-0.706944
37		-0.70587
38		-0.70343
39		-0.69963
40		-0.694477
41		-0.687981
42		-0.680154
43		-0.671011
44		-0.660571
45		-0.648853
46		-0.63588
47		-0.621677
48		-0.606271
49		-0.589693
50		-0.571975
51		-0.55315
52		-0.533256
53		-0.51233
54		-0.490413
55		-0.467547
56		-0.443778
57		-0.41915
58		-0.393711
59		-0.367511
60		-0.3406
61		-0.31303
62		-0.284855
63		-0.256129
64		-0.226907
65		-0.197247
66		-0.167205
67		-0.136839
68		-0.106209
69		-0.0753741
70		-0.0443929
71		-0.0133258
72		0.017767
73		0.0488254
74		0.0797895
75		0.110599
76		0.141195
77		0.171518
78		0.201509
79		0.23111
80		0.260264
81		0.288915
82		0.317007
83		0.344486
84		0.371298
85		0.397393
86		0.422719
87		0.447227
88		0.47087
89		0.493603
90		0.515381
91		0.536162
92		0.555906
93		0.574575
94		0.592132
95		0.608545
96		0.62378
97		0.637809
98		0.650604
99		0.662141
100		0.672397
101		0.681353
102		0.68899
103		0.695296
104		0.700256
105		0.703862
106		0.706107
107		0.706986
108		0.706498
109		0.704643
110		0.701425
111		0.696851
112		0.690929
113		0.68367
114		0.675089
115		0.665203
116		0.65403
117		0.641591
118		0.627912
119		0.613019
120		0.59694
121		0.579706
122		0.561351
123		0.541911
124		0.521422
125		0.499924
126		0.47746
127		0.454073
128		0.429807
129		0.40471
130		0.37883
131		0.352217
132		0.324923
133		0.297001
134		0.268504
135		0.239488
136		0.210008
137		0.180123
138		0.149889
139		0.119365
140		0.0886106
141		0.0576846
142		0.026647
143		-0.00444218
144		-0.0355227
145		-0.0665346
146		-0.0974177
147		-0.128112
148		-0.158559
149		-0.1887
150		-0.218475
151		-0.247828
152		-0.276701
153		-0.305039
154		-0.332788
155		-0.359892
156		-0.386301
157		-0.411962
158		-0.436827
159		-0.460846
160		-0.483975
161		-0.506167
162		-0.52738
163		-0.547574
164		-0.566708
165		-0.584746
166		-0.601653
167		-0.617397
168		-0.631946
169		-0.645273
170		-0.657352
171		-0.66816
172		-0.677675
173		-0.68588
174		-0.692758
175		-0.698296
176		-0.702483
177		-0.705312
178		-0.706777
179		-0.706874
180		-0.705605
181		-0.702971
182		-0.698977
183		-0.693631
184		-0.686944
185		-0.678928
186		-0.669599
187		-0.658974
188		-0.647076
189		-0.633925
190		-0.619549
191		-0.603974
192		-0.587231
193		-0.569353
194		-0.550373
195		-0.530329
196		-0.509258
197		-0.487203
198		-0.464206
199		-0.440311
200		-0.415564
201		-0.390014
202		-0.363709
203		-0.3367
204		-0.309041
205		-0.280784
206		-0.251983
207		-0.222695
208		-0.192977
209		-0.162885
210		-0.132479
211		-0.101816
212		-0.0709557
213		-0.0399586
214		-0.00888419
215		0.0222074
216		0.0532561
217		0.0842017
218		0.114984
219		0.145545
220		0.175824
221		0.205763
222		0.235303
223		0.264389
224		0.292964
225		0.320971
226		0.348358
227		0.375071
228		0.401059
229		0.426271
230		0.450659
231		0.474175
232		0.496774
233		0.518412
234		0.539047
235		0.55864
236		0.577152
237		0.594548
238		0.610794
239		0.625859
240		0.639713
241		0.65233
242		0.663685
243		0.673756
244		0.682525
245		0.689973
246		0.696087
247		0.700854
248		0.704266
249		0.706316
250		0.707
251		0.706316
252		0.704266
253		0.700854
254		0.696087
255		0.689973
256		0.682525
257		0.673756
258		0.663685
259		0.65233
260		0.639713
261		0.625859
262		0.610794
263		0.594548
264		0.577152
265		0.55864
266		0.539047
267		0.518412
268		0.496774
269		0.474175
270		0.450659
271		0.426271
272		0.401059
273		0.375071
274		0.348358
275		0.320971
276		0.292964
277		0.264389
278		0.235303
279		0.205763
280		0.175824
281		0.145545
282		0.114984
283		0.0842017
284		0.0532561
285		0.0222074
286		-0.00888419
287		-0.0399586
288		-0.0709557
289		-0.101816
290		-0.132479
291		-0.162885
292		-0.192977
293		-0.222695
294		-0.251983
295		-0.280784
296		-0.309041
297		-0.3367
298		-0.363709
299		-0.390014
300		-0.415564
301		-0.440311
302		-0.464206
303		-0.487203
304		-0.509258
305		-0.530329
306		-0.550373
307		-0.569353
308		-0.587231
309		-0.603974
310		-0.619549
311		-0.633925
312		-0.647076
313		-0.658974
314		-0.669599
315		-0.678928
316		-0.686944
317		-0.693631
318		-0.698977
319		-0.702971
320		-0.705605
321		-0.706874
322		-0.706777
323		-0.705312
324		-0.702483
325		-0.698296
326		-0.692758
327		-0.68588
328		-0.677675
329		-0.66816
330		-0.657352
331		-0.645273
332		-0.631946
333		-0.617397
334		-0.601653
335		-0.584746
336		-0.566708
337		-0.547574
338		-0.52738
339		-0.506167
340		-0.483975
341		-0.460846
342		-0.436827
343		-0.411962
344		-0.386301
345		-0.359892
346		-0.332788
347		-0.305039
348		-0.276701
349		-0.247828
350		-0.218475
351		-0.1887
352		-0.158559
353		-0.128112
354		-0.0974177
355		-0.0665346
356		-0.0355227
357		-0.00444218
358		0.026647
359		0.0576846
360		0.0886106
361		0.119365
362		0.149889
363		0.180123
364		0.210008
365		0.239488
366		0.268504
367		0.297001
368		0.324923
369		0.352217
370		0.37883
371		0.40471
372		0.429807
373		0.454073
374		0.47746
375		0.499924
376		0.521422
377		0.541911
378		0.561351
379		0.579706
380		0.59694
381		0.613019
382		0.627912
383		0.641591
384		0.65403
385		0.665203
386		0.675089
387		0.68367
388		0.690929
389		0.696851
390		0.701425
391		0.704643
392		0.706498
393		0.706986
394		0.706107
395		0.703862
396		0.700256
397		0.695296
398		0.68899
399		0.681353
400		0.672397
401		0.662141
402		0.650604
403		0.637809
404		0.62378
405		0.608545
406		0.592132
407		0.574575
408		0.555906
409		0.536162
410		0.515381
411		0.493603
412		0.47087
413		0.447227
414		0.422719
415		0.397393
416		0.371298
417		0.344486
418		0.317007
419		0.288915
420		0.260264
421		0.23111
422		0.201509
423		0.171518
424		0.141195
425		0.110599
426		0.0797895
427		0.0488254
428		0.017767
429		-0.0133258
430		-0.0443929
431		-0.0753741
432		-0.106209
433		-0.136839
434		-0.167205
435		-0.197247
436		-0.226907
437		-0.256129
438		-0.284855
439		-0.31303
440		-0.3406
441		-0.367511
442		-0.393711
443		-0.41915
444		-0.443778
445		-0.467547
446		-0.490413
447		-0.51233
448		-0.533256
449		-0.55315
450		-0.571975
451		-0.589693
452		-0.606271
453		-0.621677
454		-0.63588
455		-0.648853
456		-0.660571
457		-0.671011
458		-0.680154
459		-0.687981
460		-0.694477
461		-0.69963
462		-0.70343
463		-0.70587
464		-0.706944
465		-0.706651
466		-0.704991
467		-0.701968
468		-0.697587
469		-0.691857
470		-0.684788
471		-0.676395
472		-0.666694
473		-0.655704
474		-0.643445
475		-0.629942
476		-0.61522
477		-0.599308
478		-0.582238
479		-0.564041
480		-0.544753
481		-0.524411
482		-0.503056
483		-0.480727
484		-0.457469
485		-0.433325
486		-0.408344
487		-0.382573
488		-0.356062
489		-0.328862
490		-0.301026
491		-0.272608
492		-0.243663
493		-0.214246
494		-0.184415
495		-0.154227
496		-0.123741
497		-0.093016
498		-0.0621108
499		-0.0310855
500		-6.9266e-16
501		0.0310855
502		0.0621108
503		0.093016
504		0.123741
505		0.154227
506		0.184415
507		0.214246
508		0.243663
509		0.272608
510		0.301026
511		0.328862
512		0.356062
513		0.382573
514		0.408344
515		0.433325
516		0.457469
517		0.480727
518		0.503056
519		0.524411
520		0.544753
521		0.564041
522		0.582238
523		0.599308
524		0.61522
525		0.629942
526		0.643445
527		0.655704
528		0.666694
529		0.676395
530		0.684788
531		0.691857
532		0.697587
533		0.701968
534		0.704991
535		0.706651
536		0.706944
537		0.70587
538		0.70343
539		0.69963
540		0.694477
541		0.687981
542		0.680154
543		0.671011
544		0.660571
545		0.648853
546		0.63588
547		0.621677
548		0.606271
549		0.589693
550		0.571975
551		0.55315
552		0.533256
553		0.51233
554		0.490413
555		0.467547
556		0.443778
557		0.41915
558		0.393711
559		0.367511
560		0.3406
561		0.31303
562		0.284855
563		0.256129
564		0.226907
565		0.197247
566		0.167205
567		0.136839
568		0.106209
569		0.0753741
570		0.0443929
571		0.0133258
572		-0.017767
573		-0.0488254
574		-0.0797895
575		-0.110599
576		-0.141195
577		-0.171518
578		-0.201509
579		-0.23111
580		-0.260264
581		-0.288915
582		-0.317007
583		-0.344486
584		-0.371298
585		-0.397393
586		-0.422719
587		-0.447227
588		-0.47087
589		-0.493603
590		-0.515381
591		-0.536162
592		-0.555906
593		-0.574575
594		-0.592132
595		-0.608545
596		-0.62378
597		-0.637809
598		-0.650604
599		-0.662141
600		-0.672397
601		-0.681353
602		-0.68899
603		-0.695296
604		-0.700256
605		-0.703862
606		-0.706107
607		-0.706986
608		-0.706498
609		-0.704643
610		-0.701425
611		-0.696851
612		-0.690929
613		-0.68367
614		-0.675089
615		-0.665203
616		-0.65403
617		-0.641591
618		-0.627912
619		-0.613019
620		-0.59694
621		-0.579706
622		-0.561351
623		-0.541911
624		-0.521422
625		-0.499924
626		-0.47746
627		-0.454073
628		-0.429807
629		-0.40471
630		-0.37883
631		-0.352217
632		-0.324923
633		-0.297001
634		-0.268504
635		-0.239488
636		-0.210008
637		-0.180123
638		-0.149889
639		-0.119365
640		-0.0886106
641		-0.0576846
642		-0.026647
643		0.00444218
644		0.0355227
645		0.0665346
646		0.0974177
647		0.128112
648		0.158559
649		0.1887
650		0.218475
651		0.247828
652		0.276701
653		0.305039
654		0.332788
655		0.359892
656		0.386301
657		0.411962
658		0.436827
659		0.460846
660		0.483975
661		0.506167
662		0.52738
663		0.547574
664		0.566708
665		0.584746
666		0.601653
667		0.617397
668		0.631946
669		0.645273
670		0.657352
671		0.66816
672		0.677675
673		0.68588
674		0.692758
675		0.698296
676		0.702483
677		0.705312
678		0.706777
679		0.706874
680		0.705605
681		0.702971
682		0.698977
683		0.693631
684		0.686944
685		0.678928
686		0.669599
687		0.658974
688		0.647076
689		0.633925
690		0.619549
691		0.603974
692		0.587231
693		0.569353
694		0.550373
695		0.530329
696		0.509258
697		0.487203
698		0.464206
699		0.440311
700		0.415564
701		0.390014
702		0.363709
703		0.3367
704		0.309041
705		0.280784
706		0.251983
707		0.222695
708		0.192977
709		0.162885
710		0.132479
711		0.101816
712		0.0709557
713		0.0399586
714		0.00888419
715		-0.0222074
716		-0.0532561
717		-0.0842017
718		-0.114984
719		-0.145545
720		-0.175824
721		-0.205763
722		-0.235303
723		-0.264389
724		-0.292964
725		-0.320971
726		-0.348358
727		-0.375071
728		-0.401059
729		-0.426271
730		-0.450659
731		-0.474175
732		-0.496774
733		-0.518412
734		-0.539047
735		-0.55864
736		-0.577152
737		-0.594548
738		-0.610794
739		-0.625859
740		-0.639713
741		-0.65233
742		-0.663685
743		-0.673756
744		-0.682525
745		-0.689973
746		-0.696087
747		-0.700854
748		-0.704266
749		-0.706316
750		-0.707
751		-0.706316
752		-0.704266
753		-0.700854
754		-0.696087
755		-0.689973
756		-0.682525
757		-0.673756
758		-0.663685
759		-0.65233
760		-0.639713
761		-0.625859
762		-0.610794
763		-0.594548
764		-0.577152
765		-0.55864
766		-0.539047
767		-0.518412
768		-0.496774
769		-0.474175
770		-0.450659
771		-0.426271
772		-0.401059
773		-0.375071
774		-0.348358
775		-0.320971
776		-0.292964
777		-0.264389
778		-0.235303
779		-0.205763
780		-0.175824
781		-0.145545
782		-0.114984
783		-0.0842017
784		-0.0532561
785		-0.0222074
786		0.00888419
787		0.0399586
788		0.0709557
789		0.101816
790		0.132479
791		0.162885
792		0.192977
793		0.222695
794		0.251983
795		0.280784
796		0.309041
797		0.3367
798		0.363709
799		0.390014
800		0.415564
801		0.440311
802		0.464206
803		0.487203
804		0.509258
805		0.530329
806		0.550373
807		0.569353
808		0.587231
809		0.603974
810		0.619549
811		0.633925
812		0.647076
813		0.658974
814		0.669599
815		0.678928
816		0.686944
817		0.693631
818		0.698977
819		0.702971
820		0.705605
821		0.706874
822		0.706777
823		0.705312
824		0.702483
825		0.698296
826		0.692758
827		0.68588
828		0.677675
829		0.66816
830		0.657352
831		0.645273
832		0.631946
833		0.617397
834		0.601653
835		0.584746
836		0.566708
837		0.547574
838		0.52738
839		0.506167
840		0.483975
841		0.460846
842		0.436827
843		0.411962
844		0.386301
845		0.359892
846		0.332788
847		0.305039
848		0.276701
849		0.247828
850		0.218475
851		0.1887
852		0.158559
853		0.128112
854		0.0974177
855		0.0665346
856		0.0355227
857		0.00444218
858		-0.026647
859		-0.0576846
860		-0.0886106
861		-0.119365
862		-0.149889
863		-0.180123
864		-0.210008
865		-0.239488
866		-0.268504
867		-0.297001
868		-0.324923
869		-0.352217
870		-0.37883
871		-0.40471
872		-0.429807
873		-0.454073
874		-0.47746
875		-0.499924
876		-0.521422
877		-0.541911
878		-0.561351
879		-0.579706
880		-0.59694
881		-0.613019
882		-0.627912
883		-0.641591
884		-0.65403
885		-0.665203
886		-0.675089
887		-0.68367
888		-0.690929
889		-0.696851
890		-0.701425
891		-0.704643
892		-0.706498
893		-0.706986
894		-0.706107
895		-0.703862
896		-0.700256
897		-0.695296
898		-0.68899
899		-0.681353
900		-0.672397
901		-0.662141
902		-0.650604
903		-0.637809
904		-0.62378
905		-0.608545
906		-0.592132
907		-0.574575
908		-0.555906
909		-0.536162
910		-0.515381
911		-0.493603
912		-0.47087
913		-0.447227
914		-0.422719
915		-0.397393
916		-0.371298
917		-0.344486
918		-0.317007
919		-0.288915
920		-0.260264
921		-0.23111
922		-0.201509
923		-0.171518
924		-0.141195
925		-0.110599
926		-0.0797895
927		-0.0488254
928		-0.017767
929		0.0133258
930		0.0443929
931		0.0753741
932		0.106209
933		0.136839
934		0.167205
935		0.197247
936		0.226907
937		0.256129
938		0.284855
939		0.31303
940		0.3406
941		0.367511
942		0.393711
943		0.41915
944		0.443778
945		0.467547
946		0.490413
947		0.51233
948		0.533256
949		0.55315
950		0.571975
951		0.589693
952		0.606271
953		0.621677
954		0.63588
955		0.648853
956		0.660571
957		0.671011
958		0.680154
959		0.687981
960		0.694477
961		0.69963
962		0.70343
963		0.70587
964		0.706944
965		0.706651
966		0.704991
967		0.701968
968		0.697587
969		0.691857
970		0.684788
971		0.676395
972		0.666694
973		0.655704
974		0.643445
975		0.629942
976		0.61522
977		0.599308
978		0.582238
979		0.564041
980		0.544753
981		0.524411
982		0.503056
983		0.480727
984		0.457469
985		0.433325
986		0.408344
987		0.382573
988		0.356062
989		0.328862
990		0.301026
991		0.272608
992		0.243663
993		0.214246
994		0.184415
995		0.154227
996		0.123741
997		0.093016
998		0.0621108
999		0.0310855
